N Round and Round
V 92

# Spawns
S 246.24 -1280.25 26.6385 0.0
S 258.133 -1280.85 26.6373 0.0
S 231.458 -1279.12 26.639 0.0
S 239.036 -1280.41 26.6385 0.0

# Checkpoints
C 247.57 -1236.38 19.9084 10.0
C 246.799 -1175.54 19.9309 10.0
C 259.045 -1174.8 19.9319 10.0
C 260.149 -1196.27 19.9318 10.0
C 260.008 -1233.74 19.9289 10.0
C 234.197 -1237.28 19.9138 10.0
C 207.196 -1237.3 19.9296 10.0
C 203.267 -1226.71 19.9318 10.0
C 202.789 -1209.75 19.9313 10.0
C 202.407 -1173.16 19.9314 10.0
C 229.344 -1170.66 19.9313 10.0
C 246.663 -1170.9 19.9314 10.0
C 259.026 -1176.19 19.9321 10.0
C 260.405 -1197.92 19.9314 10.0
C 252.4 -1236.98 19.9108 10.0
C 235.945 -1222.84 19.9197 10.0
C 244.775 -1202.68 19.9266 10.0
C 248.813 -1232.87 19.9097 10.0
C 247.46 -1260.02 25.5311 10.0

# Objects (ramps signs etc)