N The Banshee
V 119

# Spawns
S 1165.51 54.7365 -0.699946 -1.60191
S 1165.43 50.9688 -0.711673 -1.56976
S 1165.42 46.7412 -0.726376 -1.59422
S 1165.27 42.5526 -0.710299 -1.5536

# Checkpoints
C 1173.3 53.64 -0.58 10.0
C 1195.6 23.42 -0.51 10.0
C 1195.7 -49.38 9.4 10.0
C 1195.6 -122.49 14.4 10.0
C 1124 -202.86 14.4 10.0
C 1127.6 -247.57 16.86 10.0
C 1131.3 -275.49 19.48 10.0
C 1124.2 -394.5 19.4 10.0
C 1133 -449 19.55 10.0
C 1156.3 -459.5 21.03 10.0
C 1191.9 -463.4 24.57 10.0
C 1196.9 -407.6 24.5 10.0
C 1207.2 -388.9 24.68 10.0
C 1269.5 -388.5 31.55 10.0
C 1352.3 -388.4 48.86 10.0
C 1367.9 -440.6 49.5 10.0
C 1245.9 -505.8 28.52 10.0
C 1075.6 -501.8 15.39 10.0
C 1062 -566.6 16.19 10.0
C 1059.2 -620.1 14.4 10.0
C 1038 -678 14.4 10.0
C 1013.4 -665.2 14.41 10.0
C 1048.8 -652.6 14.4 10.0
C 1045.7 -766.1 14.4 10.0
C 921.3 -770.3 14.4 10.0
C 826.4 -770.1 14.49 10.0
C 825.8 -849 14.66 10.0
C 877.3 -932.7 14.55 10.0
C 936.8 -934.6 18.41 10.0
C 1051.3 -932.9 14.4 10.0
C 1056 -804.1 14.4 10.0
C 1054.1 -632.8 14.4 10.0
C 872 -626.6 14.4 10.0
C 869.1 -665.5 14.55 10.0
C 869 -698.6 14.4 10.0
C 901 -667.8 14.41 10.0
C 871.8 -665.9 14.55 10.0
C 867.9 -624.7 14.4 10.0
C 799.5 -623.4 14.55 10.0
C 785.6 -825.3 14.59 10.0
C 776.9 -875.6 14.33 10.0
C 770.5 -784.9 14.33 10.0
C 776.4 -707.1 14.33 10.0
C 790 -661 14.65 10.0
C 790.6 -609.1 15.35 10.0
C 789.9 -580.3 17.51 10.0
C 788.4 -507.9 15.32 10.0
C 825.4 -454.2 14.4 10.0
C 839.5 -451.5 14.4 10.0
C 903 -453.9 14.4 10.0
C 909.8 -373.1 13.69 10.0
C 911.3 -177.26 4.4 10.0
C 910.8 -48.72 6.91 10.0
C 976.2 0.44 4.67 10.0
C 1096.8 -0.26 4.1 10.0
C 1125.4 -92.1 7.84 10.0
C 1172.3 -129.29 14.4 10.0
C 1194.6 -127.58 14.4 10.0
C 1195.9 -48.92 9.4 10.0

# Objects (ramps signs etc)